A 2013 30.1645200286 40.9084399141
A 2014 40.844062947 40.939999
A 2015 41.18 41.810001
AAL 2013 13.72 25.25
AAL 2014 25.07 53.630001
AAL 2015 54.279999 42.349998
AAP 2013 73.489998 110.68
AAP 2014 110.360001 159.279999
AAP 2015 160.850006 150.509995
AAPL 2013 79.1171417142 80.1457138571
AAPL 2014 79.3828582856 110.379997
AAPL 2015 111.389999 105.260002
ABBV 2013 34.919998 52.810001
ABBV 2014 52.119999 65.440002
ABBV 2015 65.440002 59.240002
ABC 2013 43.59 70.309998
ABC 2014 70.110001 90.160004
ABC 2015 90.610001 103.709999
ABT 2013 32.299999 38.330002
ABT 2014 38.09 45.02
ABT 2015 45.25 44.91
ACN 2013 67.589996 82.220001
ACN 2014 81.5 89.309998
ACN 2015 89.669998 104.5
ADBE 2013 37.919998 59.880001
ADBE 2014 59.060001 72.699997
ADBE 2015 72.699997 93.940002
ADI 2013 42.799999 50.93
ADI 2014 49.52 55.52
ADI 2015 55.68 55.32
ADM 2013 28.139999 43.400002
ADM 2014 43.220001 52.0
ADM 2015 52.200001 36.68
ADP 2013 50.9745434592 70.9394258121
ADP 2014 70.386309921 83.370003
ADP 2015 82.980003 84.720001
ADS 2013 146.869995 262.929993
ADS 2014 262.440002 286.049988
ADS 2015 288.619995 276.570007
ADSK 2013 36.049999 50.32
ADSK 2014 49.330002 60.060001
ADSK 2015 60.060001 60.93
AEE 2013 31.139999 36.16
AEE 2014 36.049999 46.130001
AEE 2015 46.290001 43.23
AEP 2013 43.169998 46.740002
AEP 2014 46.98 60.720001
AEP 2015 60.880001 58.27
AES 2013 10.89 14.51
AES 2014 14.51 13.77
AES 2015 13.86 9.57
AET 2013 47.049999 68.589996
AET 2014 68.209999 88.830002
AET 2015 89.709999 108.120003
AFL 2013 54.389999 66.800003
AFL 2014 66.629997 61.09
AFL 2015 61.5 59.900002
AGN 2013 86.580002 168.0
AGN 2014 167.330002 257.410004
AGN 2015 260.269989 312.5
AIG 2013 36.290001 51.049999
AIG 2014 50.810001 56.009998
AIG 2015 56.529999 61.970001
AIV 2013 27.48 25.91
AIV 2014 25.9 37.150002
AIV 2015 37.330002 40.029999
AIZ 2013 35.279999 66.370003
AIZ 2014 66.040001 68.43
AIZ 2015 68.519997 80.540001
AJG 2013 35.150002 46.93
AJG 2014 46.669998 47.080002
AJG 2015 47.25 40.939999
AKAM 2013 41.860001 47.18
AKAM 2014 47.110001 62.959999
AKAM 2015 63.48 52.630001
ALB 2013 63.689999 63.389999
ALB 2014 63.380001 60.130001
ALB 2015 60.369999 56.009998
ALK 2013 22.0149995 36.6850015
ALK 2014 36.665001 59.759998
ALK 2015 60.540001 80.510002
ALL 2013 40.900002 54.540001
ALL 2014 54.09 70.25
ALL 2015 70.589996 62.09
ALLE 2014 44.080002 55.459999
ALLE 2015 55.490002 65.919998
ALXN 2013 96.150002 132.880005
ALXN 2014 132.460007 185.029999
ALXN 2015 186.639999 190.75
AMAT 2013 11.64 17.68
AMAT 2014 17.690001 24.92
AMAT 2015 24.99 18.67
AME 2013 38.419998 52.669998
AME 2014 52.43 52.630001
AME 2015 52.759998 53.59
AMG 2013 133.550003 216.880005
AMG 2014 215.919998 212.240005
AMG 2015 213.759995 159.759995
AMGN 2013 87.360001 114.080002
AMGN 2014 114.360001 159.289993
AMGN 2015 160.160004 162.330002
AMP 2013 64.25 115.050003
AMP 2014 114.580002 132.25
AMP 2015 132.979996 106.419998
AMT 2013 78.389999 79.82
AMT 2014 79.510002 98.849998
AMT 2015 99.160004 96.949997
AMZN 2013 256.079987 398.790009
AMZN 2014 398.799988 310.350006
AMZN 2015 312.579987 675.890015
AN 2013 40.200001 49.689999
AN 2014 49.48 60.41
AN 2015 60.41 59.66
ANTM 2013 61.080002 92.389999
ANTM 2014 92.0 125.669998
ANTM 2015 126.650002 139.440002
AON 2013 56.25 83.889999
AON 2014 83.360001 94.830002
AON 2015 95.489998 92.209999
APA 2013 80.0 85.940002
APA 2014 85.82 62.669998
APA 2015 62.18 44.470001
APC 2013 75.75 79.32
APC 2014 79.029999 82.5
APC 2015 80.970001 48.580002
APD 2013 79.0564246069 103.404256244
APD 2014 103.200734505 133.422756707
APD 2015 132.645687327 120.360775208
APH 2013 32.9449995 44.59
APH 2014 44.3650015 53.810001
APH 2015 54.029999 52.23
ARNC 2013 6.65667691154 7.96852248875
ARNC 2014 7.89355922039 11.8365914543
ARNC 2015 11.8965607196 7.3988065967
ATVI 2013 10.85 17.83
ATVI 2014 17.91 20.15
ATVI 2015 20.24 38.709999
AVB 2013 137.279999 118.230003
AVB 2014 118.25 163.389999
AVB 2015 164.059998 184.130005
AVGO 2013 32.43 52.880001
AVGO 2014 52.849998 100.589996
AVGO 2015 100.93 145.149994
AVY 2013 35.349998 50.189999
AVY 2014 50.09 51.880001
AVY 2015 52.130001 62.66
AWK 2013 37.669998 42.259998
AWK 2014 42.009998 53.299999
AWK 2015 53.299999 59.75
AXP 2013 58.330002 90.730003
AXP 2014 90.900002 93.040001
AXP 2015 93.169998 69.550003
AYI 2013 69.540001 109.32
AYI 2014 109.220001 140.070007
AYI 2015 141.470001 233.800003
AZO 2013 357.0 477.940002
AZO 2014 477.670013 619.109985
AZO 2015 623.97998 741.909973
BA 2013 76.550003 136.490005
BA 2014 136.009995 129.979996
BA 2015 131.070007 144.589996
BAC 2013 12.05 15.57
BAC 2014 15.69 17.889999
BAC 2015 17.99 16.83
BAX 2013 36.5888093428 37.7783807713
BAX 2014 37.7729483976 39.8098859316
BAX 2015 39.9837028789 38.150002
BBBY 2013 56.509998 80.300003
BBBY 2014 80.18 76.169998
BBBY 2015 78.43 48.25
BBT 2013 29.690001 37.32
BBT 2014 37.18 38.889999
BBT 2015 39.02 37.810001
BBY 2013 12.14 39.880001
BBY 2014 39.75 38.98
BBY 2015 39.169998 30.450001
BCR 2013 99.389999 133.940002
BCR 2014 134.0 166.619995
BCR 2015 167.0 189.440002
BDX 2013 79.260002 110.489998
BDX 2014 110.410004 139.160004
BDX 2015 140.270004 154.089996
BEN 2013 42.866665 57.73
BEN 2014 57.360001 55.369999
BEN 2015 55.849998 36.82
BHI 2013 41.669998 55.259998
BHI 2014 54.98 56.07
BHI 2015 55.869999 46.150002
BIIB 2013 148.720001 279.570007
BIIB 2014 279.440002 339.450012
BIIB 2015 342.839996 306.350006
BK 2013 26.25 34.939999
BK 2014 34.299999 40.57
BK 2015 40.75 41.220001
BLK 2013 210.619995 316.470001
BLK 2014 315.380005 357.559998
BLK 2015 357.980011 340.519989
BLL 2013 45.419998 51.66
BLL 2014 51.25 68.169998
BLL 2015 68.599998 72.730003
BMY 2013 32.84 53.150002
BMY 2014 52.52 59.029999
BMY 2015 59.43 68.790001
BSX 2013 5.86 12.02
BSX 2014 12.02 13.25
BSX 2015 13.29 18.440001
BWA 2013 36.744999 55.91
BWA 2014 55.889999 54.950001
BWA 2015 55.240002 43.23
BXP 2013 106.760002 100.370003
BXP 2014 100.220001 128.690002
BXP 2015 129.339996 127.540001
C 2013 40.91 52.110001
C 2014 52.029999 54.110001
C 2015 54.360001 51.75
CA 2013 22.379999 33.650002
CA 2014 33.490002 30.450001
CA 2015 30.700001 28.559999
CAG 2013 23.3229571985 26.2256809339
CAG 2014 26.1945525292 28.2334622568
CAG 2015 28.1867688716 32.809336965
CAH 2013 41.509998 66.809998
CAH 2014 66.449997 80.730003
CAH 2015 81.18 89.269997
CAT 2013 92.949997 90.809998
CAT 2014 90.410004 91.529999
CAT 2015 91.769997 67.959999
CB 2013 81.199997 103.529999
CB 2014 102.779999 114.879997
CB 2015 115.379997 116.849998
CBG 2013 20.34 26.299999
CBG 2014 26.27 34.25
CBG 2015 34.509998 34.580002
CBS 2013 38.82 63.740002
CBS 2014 63.25 55.34
CBS 2015 55.75 47.130001
CCI 2013 73.279999 73.43
CCI 2014 73.139999 78.699997
CCI 2015 78.860001 86.449997
CCL 2013 37.25 40.169998
CCL 2014 39.639999 45.330002
CCL 2015 45.91 54.48
CELG 2013 40.0600015 84.4850005
CELG 2014 84.5049975 111.860001
CELG 2015 112.879997 119.760002
CERN 2013 39.3950005 55.740002
CERN 2014 55.48 64.660004
CERN 2015 64.919998 60.169998
CF 2013 41.7879982 46.6080018
CF 2014 46.605999 54.5079994
CF 2015 54.8460006 40.810001
CFG 2015 24.969999 26.190001
CHD 2013 27.215 33.1399995
CHD 2014 33.130001 39.404999
CHD 2015 39.455002 42.4399985
CHK 2013 16.0264900662 25.6764437086
CHK 2014 25.6102194891 19.57
CHK 2015 19.42 4.5
CHRW 2013 64.110001 58.349998
CHRW 2014 58.209999 74.889999
CHRW 2015 74.849998 62.02
CHTR 2013 77.5 136.759995
CHTR 2014 137.149994 166.619995
CHTR 2015 167.229996 183.100006
CI 2013 54.099998 87.480003
CI 2014 86.989998 102.910004
CI 2015 103.639999 146.330002
CINF 2013 39.91 52.369999
CINF 2014 52.150002 51.830002
CINF 2015 52.0 59.169998
CL 2013 52.8050005 65.209999
CL 2014 64.889999 69.190002
CL 2015 69.169998 66.620003
CLX 2013 73.889999 92.760002
CLX 2014 92.75 104.209999
CLX 2015 103.959999 126.830002
CMA 2013 30.98 47.540001
CMA 2014 47.240002 46.84
CMA 2015 47.07 41.830002
CMCSA 2013 38.049999 51.970001
CMCSA 2014 51.799999 58.009998
CMCSA 2015 58.0 56.43
CME 2013 51.299999 78.459999
CME 2014 77.959999 88.650002
CME 2015 89.220001 90.599998
CMG 2013 304.26001 532.780029
CMG 2014 530.0 684.51001
CMG 2015 686.0 479.850006
CMI 2013 111.5 140.970001
CMI 2014 140.429993 144.169998
CMI 2015 145.220001 88.010002
CMS 2013 24.74 26.77
CMS 2014 26.799999 34.75
CMS 2015 34.900002 36.080002
CNC 2013 20.91 29.4750005
CNC 2014 29.4799995 51.924999
CNC 2015 53.16 65.809998
CNP 2013 19.52 23.18
CNP 2014 23.17 23.43
CNP 2015 23.450001 18.360001
COF 2013 59.529999 76.610001
COF 2014 76.610001 82.550003
COF 2015 82.790001 72.18
COG 2013 25.365 38.759998
COG 2014 38.57 29.610001
COG 2015 29.469999 17.690001
COH 2013 56.900002 56.130001
COH 2014 56.150002 37.560001
COH 2015 37.700001 32.73
COL 2013 59.27 73.919998
COL 2014 74.0 84.480003
COL 2015 84.82 92.300003
COO 2013 93.75 123.839996
COO 2014 123.25 162.089996
COO 2015 162.880005 134.199997
COP 2013 59.150002 70.650002
COP 2014 70.269997 69.059998
COP 2015 68.5 46.689999
COST 2013 100.599998 119.019997
COST 2014 118.709999 141.75
COST 2015 141.869995 161.5
COTY 2014 15.27 20.66
COTY 2015 20.76 25.629999
CPB 2013 35.189999 43.279999
CPB 2014 43.080002 44.0
CPB 2015 44.099998 52.549999
CRM 2013 42.942501 55.189999
CRM 2014 55.200001 59.310001
CRM 2015 59.900002 78.400002
CSCO 2013 20.120001 22.43
CSCO 2014 22.17 27.82
CSCO 2015 27.860001 27.16
CSX 2013 20.110001 28.77
CSX 2014 28.610001 36.23
CSX 2015 36.110001 25.950001
CTAS 2013 41.48 59.59
CTAS 2014 59.25 78.440002
CTAS 2015 78.910004 91.050003
CTL 2013 39.900002 31.85
CTL 2014 31.74 39.580002
CTL 2015 39.830002 25.16
CTSH 2013 37.7299995 50.4900015
CTSH 2014 50.125 52.66
CTSH 2015 52.889999 60.02
CTXS 2013 67.120003 63.25
CTXS 2014 63.040001 63.799999
CTXS 2015 63.93 75.650002
CVS 2013 49.02 71.57
CVS 2014 71.160004 96.309998
CVS 2015 96.519997 97.769997
CVX 2013 110.269997 124.910004
CVX 2014 124.459999 112.18
CVX 2015 111.629997 89.959999
CXO 2013 80.870003 108.0
CXO 2014 106.440002 99.75
CXO 2015 99.690002 92.860001
D 2013 52.360001 64.690002
D 2014 64.610001 76.900002
D 2015 77.260002 67.639999
DAL 2013 12.07 27.469999
DAL 2014 27.26 49.189999
DAL 2015 49.919998 50.689999
DD 2013 43.6372250712 61.6999040836
DD 2014 61.0066476733 70.2184197531
DD 2015 70.1234567901 66.599998
DE 2013 87.970001 91.330002
DE 2014 90.949997 88.470001
DE 2015 88.470001 76.269997
DFS 2013 39.389999 55.950001
DFS 2014 55.790001 65.489998
DFS 2015 65.93 53.619999
DG 2013 44.41 60.32
DG 2014 60.380001 70.699997
DG 2015 70.699997 71.870003
DGX 2013 58.669998 53.540001
DGX 2014 53.450001 67.059998
DGX 2015 68.389999 71.139999
DHI 2013 20.34 22.32
DHI 2014 21.809999 25.290001
DHI 2015 25.48 32.029999
DHR 2013 43.1842312358 58.5291902957
DHR 2014 58.1197892343 64.9810485216
DHR 2015 65.2084890069 70.416984837
DIS 2013 50.799999 76.400002
DIS 2014 76.040001 94.190002
DIS 2015 94.910004 105.080002
DISCA 2013 33.2345431784 46.203373531
DISCA 2014 46.0960659173 34.450001
DISCA 2015 34.630001 26.68
DISCK 2013 30.0149995 41.9300005
DISCK 2014 41.6100005 33.720001
DISCK 2015 33.759998 25.219999
DLPH 2013 39.040001 60.130001
DLPH 2014 59.639999 72.720001
DLPH 2015 73.419998 85.730003
DLR 2013 68.860001 49.119999
DLR 2014 49.630001 66.300003
DLR 2015 66.349998 75.620003
DLTR 2013 41.07 56.419998
DLTR 2014 55.990002 70.379997
DLTR 2015 70.940002 77.220001
DNB 2013 79.910004 122.75
DNB 2014 122.550003 120.959999
DNB 2015 121.699997 103.93
DOV 2013 55.5767651452 80.1161834025
DOV 2014 80.1161834025 71.720001
DOV 2015 72.139999 61.310001
DOW 2013 32.990002 44.400002
DOW 2014 44.200001 45.610001
DOW 2015 45.689999 51.48
DPS 2013 44.799999 48.720001
DPS 2014 48.860001 71.68
DPS 2015 71.68 93.199997
DRI 2013 45.68 54.369999
DRI 2014 54.18 58.630001
DRI 2015 59.0 63.639999
DTE 2013 60.830002 66.389999
DTE 2014 66.400002 86.370003
DTE 2015 86.830002 80.190002
DUK 2013 64.559998 69.010002
DUK 2014 69.199997 83.540001
DUK 2015 83.540001 71.389999
DVA 2013 54.7649995 63.369999
DVA 2014 63.360001 75.739998
DVA 2015 75.839996 69.709999
DVN 2013 53.060001 61.869999
DVN 2014 61.689999 61.209999
DVN 2015 60.630001 32.0
EA 2013 14.77 22.940001
EA 2014 22.9 47.02
EA 2015 47.189999 68.720001
EBAY 2013 22.0538703703 23.0934347643
EBAY 2014 23.1355223064 23.619526936
EBAY 2015 23.7289553872 27.48
ECL 2013 72.940002 104.269997
ECL 2014 103.580002 104.519997
ECL 2015 104.690002 114.379997
ED 2013 56.200001 55.279999
ED 2014 55.150002 66.010002
ED 2015 66.099998 64.269997
EFX 2013 54.98 69.089996
EFX 2014 68.949997 80.870003
EFX 2015 81.370003 111.370003
EIX 2013 45.09 46.299999
EIX 2014 46.060001 65.480003
EIX 2015 65.010002 59.209999
EL 2013 60.349998 75.32
EL 2014 74.989998 76.199997
EL 2015 76.550003 88.059998
EMN 2013 69.889999 80.699997
EMN 2014 80.309998 75.860001
EMN 2015 76.029999 67.510002
EMR 2013 53.959999 70.18
EMR 2014 69.830002 61.73
EMR 2015 61.84 47.830002
ENDP 2013 26.51 67.459999
ENDP 2014 64.760002 72.120003
ENDP 2015 72.510002 61.220001
EOG 2013 61.700001 83.919998
EOG 2014 83.2850035 92.07
EOG 2015 91.010002 70.790001
EQIX 2013 211.229996 177.449997
EQIX 2014 177.630005 226.729996
EQIX 2015 228.509995 302.399994
EQR 2013 57.540001 51.869999
EQR 2014 51.740002 71.839996
EQR 2015 72.279999 81.589996
EQT 2013 60.09 89.779999
EQT 2014 89.879997 75.699997
EQT 2015 76.160004 52.130001
ES 2013 39.470001 42.389999
ES 2014 42.349998 53.52
ES 2015 53.529999 51.07
ESRX 2013 54.98 70.239998
ESRX 2014 70.0 84.669998
ESRX 2015 84.910004 87.410004
ESS 2013 148.580002 143.509995
ESS 2014 141.789993 206.600006
ESS 2015 207.820007 239.410004
ETFC 2013 9.17 19.639999
ETFC 2014 19.709999 24.26
ETFC 2015 24.379999 29.639999
ETN 2013 55.549999 76.120003
ETN 2014 75.739998 67.959999
ETN 2015 68.389999 52.040001
ETR 2013 64.519997 63.27
ETR 2014 63.349998 87.480003
ETR 2015 87.480003 68.360001
EVHC 2014 35.34 34.689999
EVHC 2015 34.860001 25.969999
EW 2013 45.959999 32.880001
EW 2014 32.84 63.6899985
EW 2015 64.095001 78.980003
EXC 2013 30.09 27.389999
EXC 2014 27.459999 37.080002
EXC 2015 37.080002 27.77
EXPD 2013 40.27 44.25
EXPD 2014 44.310001 44.610001
EXPD 2015 44.990002 45.099998
EXPE 2013 62.610001 69.660004
EXPE 2014 69.080002 85.360001
EXPE 2015 85.580002 124.300003
EXR 2013 36.810001 42.130001
EXR 2014 42.09 58.639999
EXR 2015 58.720001 88.209999
F 2013 13.23 15.43
F 2014 15.42 15.5
F 2015 15.59 14.09
FAST 2013 47.709999 47.509998
FAST 2014 47.509998 47.560001
FAST 2015 47.849998 40.82
FB 2013 27.440001 54.650002
FB 2014 54.830002 78.019997
FB 2015 78.580002 104.660004
FBHS 2013 29.91 45.700001
FBHS 2014 45.5 45.27
FBHS 2015 45.619999 55.5
FCX 2013 35.349998 37.740002
FCX 2014 37.689999 23.360001
FCX 2015 23.35 6.77
FDX 2013 93.459999 143.770004
FDX 2014 142.899994 173.660004
FDX 2015 173.779999 148.990005
FE 2013 42.220001 32.98
FE 2014 32.959999 38.990002
FE 2015 39.099998 31.73
FFIV 2013 100.029999 90.860001
FFIV 2014 90.419998 130.470001
FFIV 2015 131.720001 96.959999
FIS 2013 35.169998 53.68
FIS 2014 53.400002 62.200001
FIS 2015 62.330002 60.599998
FISV 2013 40.1399995 59.049999
FISV 2014 59.049999 70.970001
FISV 2015 71.489998 91.459999
FITB 2013 15.46 21.030001
FITB 2014 20.940001 20.379999
FITB 2015 20.41 20.1
FL 2013 32.669998 41.439999
FL 2014 41.360001 56.18
FL 2015 56.43 65.089996
FLIR 2013 23.040001 30.1
FLIR 2014 29.92 32.310001
FLIR 2015 32.459999 28.07
FLR 2013 60.139999 80.290001
FLR 2014 79.82 60.630001
FLR 2015 60.779999 47.220001
FLS 2013 50.0333326666 78.830002
FLS 2014 78.169998 59.830002
FLS 2015 60.240002 42.080002
FMC 2013 59.66 75.459999
FMC 2014 75.269997 57.029999
FMC 2015 57.080002 39.130001
FOX 2013 23.701409894 34.599998
FOX 2014 34.580002 36.889999
FOX 2015 36.98 27.23
FOXA 2013 23.0741987632 35.169998
FOXA 2014 35.470001 38.41
FOXA 2015 38.700001 27.16
FRT 2013 105.629997 101.410004
FRT 2014 101.379997 133.460007
FRT 2015 134.419998 146.100006
FSLR 2013 32.02 54.639999
FSLR 2014 54.279999 44.599998
FSLR 2015 44.720001 65.989998
FTI 2013 43.75 52.209999
FTI 2014 51.939999 46.84
FTI 2015 46.439999 29.01
FTR 2013 4.53 4.65
FTR 2014 4.65 6.67
FTR 2015 6.68 4.67
GD 2013 70.669998 95.550003
GD 2014 94.849998 137.619995
GD 2015 138.470001 137.360001
GE 2013 21.51 28.030001
GE 2014 27.860001 25.27
GE 2015 25.34 31.15
GGP 2013 20.08 20.07
GGP 2014 20.08 28.129999
GGP 2015 28.299999 27.209999
GILD 2013 37.154999 75.099998
GILD 2014 75.209999 94.260002
GILD 2015 95.139999 101.190002
GIS 2013 40.900002 49.91
GIS 2014 49.599998 53.330002
GIS 2015 53.099998 57.66
GLW 2013 12.93 17.82
GLW 2014 17.74 22.93
GLW 2015 23.030001 18.280001
GM 2013 29.41 40.869999
GM 2014 40.68 34.91
GM 2015 35.27 34.009998
GOOG 2013 358.3673746 558.263469462
GOOG 2014 555.64823052 524.961116255
GOOG 2015 527.563972115 758.880005
GOOGL 2013 360.070073073 560.915900901
GOOGL 2014 558.288276277 530.659973
GOOGL 2015 532.599976 778.01001
GPC 2013 64.699997 83.190002
GPC 2014 83.099998 106.57
GPC 2015 107.400002 85.889999
GPN 2013 23.09 32.494999
GPN 2014 32.4449995 40.3650015
GPN 2015 40.630001 64.510002
GPS 2013 31.57 39.080002
GPS 2014 39.09 42.110001
GPS 2015 42.369999 24.700001
GRMN 2013 41.48 46.189999
GRMN 2014 45.75 52.830002
GRMN 2015 52.98 37.169998
GS 2013 131.300003 177.259995
GS 2014 176.949997 193.830002
GS 2015 195.300003 180.229996
GT 2013 14.04 23.85
GT 2014 23.67 28.57
GT 2015 28.620001 32.669998
GWW 2013 205.389999 255.419998
GWW 2014 254.699997 254.889999
GWW 2015 256.019989 202.589996
HAL 2013 35.48 50.75
HAL 2014 50.470001 39.330002
HAL 2015 39.169998 34.040001
HAR 2013 45.939999 81.849998
HAR 2014 81.93 106.709999
HAR 2015 107.669998 94.209999
HAS 2013 36.369999 55.009998
HAS 2014 54.889999 54.990002
HAS 2015 55.450001 67.360001
HBAN 2013 6.59 9.65
HBAN 2014 9.6 10.52
HBAN 2015 10.6 11.06
HBI 2013 9.10999975 17.56749925
HBI 2014 17.455 27.90500075
HBI 2015 28.084999 29.43
HCA 2013 30.65 47.709999
HCA 2014 47.389999 73.389999
HCA 2015 73.940002 67.629997
HCN 2013 62.080002 53.57
HCN 2014 53.150002 75.669998
HCN 2015 76.050003 68.029999
HCP 2013 41.6666693989 33.0783251366
HCP 2014 33.0874344262 40.1001830601
HCP 2015 40.3278715847 34.8269590164
HD 2013 63.57 82.339996
HD 2014 82.110001 104.970001
HD 2015 105.160004 132.25
HES 2013 54.130001 83.0
HES 2014 82.949997 73.82
HES 2015 73.190002 48.48
HIG 2013 23.0 36.23
HIG 2014 36.099998 41.689999
HIG 2015 41.939999 43.459999
HOG 2013 49.939999 69.239998
HOG 2014 69.190002 65.910004
HOG 2015 65.910004 45.389999
HOLX 2013 20.469999 22.35
HOLX 2014 22.219999 26.74
HOLX 2015 26.83 38.689999
HON 2013 64.669998 91.370003
HON 2014 90.959999 99.919998
HON 2015 100.199997 103.57
HP 2013 57.619999 84.080002
HP 2014 83.949997 67.419998
HP 2015 67.019997 53.549999
HPQ 2013 6.73478610354 12.7066303361
HPQ 2014 12.6612161671 18.2243415077
HPQ 2015 18.1925517711 11.84
HRB 2013 18.860001 29.040001
HRB 2014 28.99 33.68
HRB 2015 33.790001 33.310001
HRL 2013 15.76 22.584999
HRL 2014 22.5550005 26.049999
HRL 2015 26.08 39.540001
HRS 2013 49.869999 69.809998
HRS 2014 69.629997 71.82
HRS 2015 72.349998 86.900002
HSIC 2013 81.589996 114.260002
HSIC 2014 114.010002 136.149994
HSIC 2015 136.600006 158.190002
HST 2013 15.95 19.440001
HST 2014 19.41 23.77
HST 2015 23.9 15.34
HSY 2013 72.860001 97.230003
HSY 2014 97.18 103.93
HSY 2015 104.330002 89.269997
HUM 2013 69.739998 103.220001
HUM 2014 102.760002 143.630005
HUM 2015 144.949997 178.509995
IBM 2013 194.089996 187.570007
IBM 2014 187.210007 160.440002
IBM 2015 161.309998 137.619995
ICE 2013 25.1340008 44.9840012
ICE 2014 44.8320008 43.8580018
ICE 2015 44.0779992 51.251999
IDXX 2013 47.294998 53.1850015
IDXX 2014 52.994999 74.135002
IDXX 2015 74.3150025 72.919998
IFF 2013 67.57 85.980003
IFF 2014 85.980003 101.360001
IFF 2015 101.419998 119.639999
ILMN 2013 56.099998 110.589996
ILMN 2014 110.480003 184.580002
ILMN 2015 186.169998 191.949997
INTC 2013 21.15 25.959999
INTC 2014 25.780001 36.290001
INTC 2015 36.669998 34.450001
INTU 2013 60.130001 76.32
INTU 2014 76.110001 92.190002
INTU 2015 92.209999 96.5
IP 2013 39.5759418146 48.3530641026
IP 2014 47.9092741618 53.580002
IP 2015 53.860001 37.700001
IPG 2013 11.27 17.700001
IPG 2014 17.6 20.77
IPG 2015 20.85 23.280001
IR 2013 39.5287507987 61.599998
IR 2014 61.25 63.389999
IR 2015 63.490002 55.290001
IRM 2013 29.0665406654 28.0499103512
IRM 2014 27.9667301294 38.66
IRM 2015 38.950001 27.01
ISRG 2013 506.5 384.079987
ISRG 2014 383.640015 528.940002
ISRG 2015 530.880005 546.159973
ITW 2013 62.34 84.080002
ITW 2014 83.970001 94.699997
ITW 2015 95.160004 92.68
IVZ 2013 26.66 36.400002
IVZ 2014 36.259998 39.52
IVZ 2015 39.720001 33.48
JBHT 2013 61.029999 77.300003
JBHT 2014 77.169998 84.25
JBHT 2015 84.610001 73.360001
JCI 2013 31.162303665 42.9738230367
JCI 2014 42.8062837697 45.9267026179
JCI 2015 46.0628293195 33.39266911
JEC 2013 43.509998 62.990002
JEC 2014 63.669998 44.689999
JEC 2015 44.810001 41.950001
JNJ 2013 71.019997 91.589996
JNJ 2014 91.139999 104.57
JNJ 2015 105.050003 102.720001
JNPR 2013 20.129999 22.57
JNPR 2014 22.57 22.32
JNPR 2015 22.459999 27.6
JPM 2013 44.98 58.48
JPM 2014 58.310001 62.580002
JPM 2015 62.18 66.029999
JWN 2013 53.689999 61.799999
JWN 2014 61.669998 79.389999
JWN 2015 79.660004 49.810001
K 2013 56.330002 61.07
K 2014 60.98 65.440002
K 2015 65.629997 72.269997
KEY 2013 8.62 13.42
KEY 2014 13.43 13.9
KEY 2015 14.0 13.19
KIM 2013 19.639999 19.75
KIM 2014 19.77 25.139999
KIM 2015 25.26 26.459999
KLAC 2013 48.810001 64.459999
KLAC 2014 64.0 70.32
KLAC 2015 70.620003 69.349998
KMB 2013 81.8504324065 100.153395014
KMB 2014 100.019178332 115.540001
KMB 2015 115.25 127.300003
KMI 2013 35.82 36.0
KMI 2014 35.990002 42.310001
KMI 2015 42.310001 14.92
KMX 2013 38.200001 47.02
KMX 2014 47.02 66.580002
KMX 2015 67.040001 53.970001
KO 2013 36.990002 41.310001
KO 2014 41.119999 42.220001
KO 2015 42.259998 42.959999
KORS 2013 52.419998 81.190002
KORS 2014 80.940002 75.099998
KORS 2015 75.559998 40.060001
KR 2013 13.17 19.7649995
KR 2014 19.629999 32.1049995
KR 2015 32.0550005 41.830002
KSS 2013 43.450001 56.75
KSS 2014 56.759998 61.040001
KSS 2015 61.150002 47.630001
KSU 2013 85.480003 123.830002
KSU 2014 123.040001 122.029999
KSU 2015 122.18 74.669998
L 2013 41.400002 48.240002
L 2014 48.119999 42.02
L 2015 42.259998 38.400002
LB 2013 47.790001 61.849998
LB 2014 61.68 86.550003
LB 2015 87.0 95.82
LEG 2013 27.620001 30.940001
LEG 2014 30.870001 42.610001
LEG 2015 42.639999 42.02
LEN 2013 39.950001 39.560001
LEN 2014 39.16 44.810001
LEN 2015 44.990002 48.91
LH 2013 87.440002 91.370003
LH 2014 91.370003 107.900002
LH 2015 109.690002 123.639999
LKQ 2013 21.540001 32.900002
LKQ 2014 32.84 28.120001
LKQ 2015 28.219999 29.629999
LLL 2013 78.110001 106.860001
LLL 2014 106.07 126.209999
LLL 2015 126.989998 119.510002
LLTC 2013 35.080002 45.549999
LLTC 2014 45.48 45.599998
LLTC 2015 45.799999 42.470001
LLY 2013 49.939999 51.0
LLY 2014 50.970001 68.989998
LLY 2015 69.769997 84.260002
LMT 2013 93.790001 148.660004
LMT 2014 147.050003 192.570007
LMT 2015 192.100006 217.149994
LNC 2013 26.719999 51.619999
LNC 2014 51.330002 57.669998
LNC 2015 58.099998 50.259998
LNT 2013 21.870001 25.799999
LNT 2014 25.8050005 33.209999
LNT 2015 33.34 31.2250005
LOW 2013 36.130001 49.549999
LOW 2014 49.549999 68.800003
LOW 2015 69.0 76.040001
LRCX 2013 37.02 54.450001
LRCX 2014 54.040001 79.339996
LRCX 2015 79.870003 79.419998
LUK 2013 23.8461480039 28.34
LUK 2014 28.370001 22.42
LUK 2015 22.540001 17.389999
LUV 2013 10.45 18.84
LUV 2014 18.85 42.32
LUV 2015 42.689999 43.060001
LVLT 2013 23.57 33.169998
LVLT 2014 32.950001 49.380001
LVLT 2015 49.459999 54.360001
LYB 2013 58.41 80.279999
LYB 2014 80.050003 79.389999
LYB 2015 79.940002 86.900002
M 2013 39.549999 53.400002
M 2014 53.169998 65.75
M 2015 66.330002 34.98
MA 2013 50.6300011 83.5459976
MA 2014 83.7409973 86.160004
MA 2015 86.68 97.360001
MAA 2013 65.019997 60.740002
MAA 2014 60.740002 74.68
MAA 2015 74.470001 90.809998
MAC 2013 59.27 58.889999
MAC 2014 58.689999 83.410004
MAC 2015 83.75 80.690002
MAR 2013 38.32 49.349998
MAR 2014 49.029999 78.029999
MAR 2015 78.339996 67.040001
MAS 2013 14.9736388401 20.0087873462
MAS 2014 19.9736370826 22.1441133568
MAS 2015 22.3110720562 28.299999
MAT 2013 37.18 47.580002
MAT 2014 47.57 30.950001
MAT 2015 31.16 27.17
MCD 2013 89.400002 97.029999
MCD 2014 96.809998 93.699997
MCD 2015 94.129997 118.139999
MCHP 2013 33.169998 44.75
MCHP 2014 44.560001 45.110001
MCHP 2015 45.360001 46.540001
MCK 2013 97.949997 161.399994
MCK 2014 160.850006 207.580002
MCK 2015 209.059998 197.229996
MCO 2013 51.48 78.470001
MCO 2014 77.860001 95.809998
MCO 2015 96.540001 100.339996
MDLZ 2013 25.84 35.299999
MDLZ 2014 35.029999 36.330002
MDLZ 2015 36.43 44.84
MDT 2013 41.450001 57.389999
MDT 2014 57.209999 72.199997
MDT 2015 72.129997 76.919998
MET 2013 34.040001 53.919998
MET 2014 53.549999 54.09
MET 2015 54.48 48.209999
MHK 2013 92.480003 148.899994
MHK 2014 148.720001 155.360001
MHK 2015 156.660004 189.389999
MJN 2013 66.779999 83.760002
MJN 2014 82.779999 100.540001
MJN 2015 100.620003 78.949997
MKC 2013 64.309998 68.919998
MKC 2014 68.870003 74.300003
MKC 2015 74.519997 85.559998
MLM 2013 98.110001 99.940002
MLM 2014 99.540001 110.32
MLM 2015 111.629997 136.580002
MMC 2013 35.009998 48.360001
MMC 2014 48.009998 57.240002
MMC 2015 57.529999 55.450001
MMM 2013 94.190002 140.25
MMM 2014 138.050003 164.320007
MMM 2015 164.710007 150.639999
MNK 2014 52.259998 99.029999
MNK 2015 99.269997 74.629997
MNST 2013 17.9000003333 22.589999
MNST 2014 22.626667 36.116665
MNST 2015 36.4666673333 49.6533316666
MO 2013 32.119999 38.389999
MO 2014 38.27 49.27
MO 2015 49.299999 58.209999
MON 2013 95.550003 116.550003
MON 2014 116.120003 119.470001
MON 2015 119.529999 98.519997
MOS 2013 58.060001 47.27
MOS 2014 47.25 45.650002
MOS 2015 45.860001 27.59
MPC 2013 32.075001 45.8650015
MPC 2014 45.744999 45.130001
MPC 2015 44.7750015 51.84
MRK 2013 41.860001 50.049999
MRK 2014 49.880001 56.790001
MRK 2015 57.220001 52.82
MRO 2013 31.43 35.299999
MRO 2014 35.25 28.290001
MRO 2015 28.059999 12.59
MSFT 2013 27.25 37.41
MSFT 2014 37.349998 46.450001
MSFT 2015 46.66 55.48
MSI 2013 56.139999 67.5
MSI 2014 67.370003 67.080002
MSI 2015 67.540001 68.449997
MTB 2013 100.330002 116.419998
MTB 2014 116.379997 125.620003
MTB 2015 126.419998 121.18
MTD 2013 198.880005 242.589996
MTD 2014 241.089996 302.459991
MTD 2015 303.200012 339.130005
MU 2013 6.6 21.75
MU 2014 21.68 35.009998
MU 2015 35.240002 14.16
MUR 2013 52.4611390328 64.879997
MUR 2014 64.559998 50.52
MUR 2015 49.91 22.450001
MYL 2013 27.84 43.400002
MYL 2014 43.380001 56.369999
MYL 2015 56.540001 54.07
NAVI 2015 21.709999 11.45
NBL 2013 51.715 68.110001
NBL 2014 67.860001 47.43
NBL 2015 47.07 32.93
NDAQ 2013 25.41 39.799999
NDAQ 2014 39.889999 47.959999
NDAQ 2015 48.220001 58.169998
NEE 2013 69.989998 85.620003
NEE 2014 85.389999 106.290001
NEE 2015 106.629997 103.889999
NEM 2013 47.34 23.030001
NEM 2014 23.469999 18.9
NEM 2015 18.65 17.99
NFLX 2013 13.601429 52.5957145714
NFLX 2014 52.4014282857 48.8014297142
NFLX 2015 49.1514282857 114.379997
NFX 2013 27.41 24.629999
NFX 2014 24.6 27.120001
NFX 2015 26.84 32.560001
NI 2013 9.8742632613 12.9194510806
NI 2014 12.9037335953 16.6679768173
NI 2015 16.7151284872 19.51
NKE 2013 26.200001 39.3199995
NKE 2014 39.075001 48.075001
NKE 2015 48.2750015 62.5
NLSN 2013 31.0 45.889999
NLSN 2014 45.799999 44.73
NLSN 2015 45.040001 46.599998
NOC 2013 68.790001 114.610001
NOC 2014 114.18 147.389999
NOC 2015 148.289993 188.809998
NOV 2013 63.1920685302 71.7132470694
NOV 2014 71.5960288548 65.529999
NOV 2015 64.970001 33.490002
NRG 2013 23.379999 28.719999
NRG 2014 28.74 26.950001
NRG 2015 27.030001 11.77
NSC 2013 63.139999 92.830002
NSC 2014 92.330002 109.610001
NSC 2015 110.699997 84.589996
NTAP 2013 34.009998 41.139999
NTAP 2014 41.009998 41.450001
NTAP 2015 41.68 26.530001
NTRS 2013 50.950001 61.889999
NTRS 2014 61.759998 67.400002
NTRS 2015 67.68 72.089996
NUE 2013 44.099998 53.380001
NUE 2014 53.290001 49.049999
NUE 2015 49.23 40.299999
NVDA 2013 12.56 16.02
NVDA 2014 15.92 20.049999
NVDA 2015 20.129999 32.959999
NWL 2013 22.629999 32.41
NWL 2014 32.400002 38.09
NWL 2015 38.150002 44.080002
NWS 2014 17.84 15.08
NWS 2015 15.13 13.96
NWSA 2014 18.049999 15.69
NWSA 2015 15.82 13.36
O 2013 40.849998 37.330002
O 2014 37.380001 47.709999
O 2015 47.98 51.630001
OKE 2013 37.9443162318 54.4388005603
OKE 2014 54.4125363334 49.790001
OKE 2015 49.900002 24.66
OMC 2013 50.5 74.370003
OMC 2014 74.519997 77.470001
OMC 2015 78.0 75.660004
ORCL 2013 34.080002 38.259998
ORCL 2014 37.779999 44.970001
ORCL 2015 45.02 36.529999
ORLY 2013 90.660004 128.710007
ORLY 2014 128.419998 192.619995
ORLY 2015 192.860001 253.419998
OXY 2013 75.1727485605 91.2667975048
OXY 2014 90.7005815739 80.610001
OXY 2015 80.010002 67.610001
PAYX 2013 31.700001 45.529999
PAYX 2014 45.439999 46.169998
PAYX 2015 46.360001 52.889999
PBCT 2013 12.22 15.12
PBCT 2014 15.08 15.18
PBCT 2015 15.22 16.15
PBI 2013 10.98 23.299999
PBI 2014 23.299999 24.370001
PBI 2015 24.5 20.65
PCAR 2013 46.220001 59.169998
PCAR 2014 58.939999 68.010002
PCAR 2015 68.220001 47.400002
PCG 2013 40.610001 40.279999
PCG 2014 40.360001 53.240002
PCG 2015 53.48 53.189999
PCLN 2013 637.830017 1162.400024
PCLN 2014 1159.969971 1140.209961
PCLN 2015 1144.0 1274.949951
PDCO 2013 34.68 41.200001
PDCO 2014 41.09 48.099998
PDCO 2015 48.389999 45.209999
PEG 2013 30.9 32.040001
PEG 2014 31.91 41.41
PEG 2015 41.5 38.689999
PEP 2013 69.18 82.940002
PEP 2014 82.93 94.559998
PEP 2015 94.93 99.919998
PFE 2013 25.530001 30.629999
PFE 2014 30.469999 31.15
PFE 2015 31.27 32.279999
PFG 2013 29.08 49.310001
PFG 2014 48.959999 51.939999
PFG 2015 52.419998 44.98
PG 2013 68.650002 81.410004
PG 2014 81.330002 91.089996
PG 2015 90.839996 79.410004
PGR 2013 21.450001 27.27
PGR 2014 27.290001 26.99
PGR 2015 27.09 31.799999
PH 2013 87.449997 128.639999
PH 2014 128.100006 128.949997
PH 2015 129.240005 96.980003
PHM 2013 18.879999 20.370001
PHM 2014 20.25 21.459999
PHM 2015 21.59 17.82
PKI 2013 32.41 41.23
PKI 2014 40.990002 43.73
PKI 2015 43.970001 53.57
PLD 2013 37.240002 36.950001
PLD 2014 36.990002 43.029999
PLD 2015 43.310001 42.919998
PM 2013 84.699997 87.129997
PM 2014 87.0 81.449997
PM 2015 81.599998 87.910004
PNC 2013 59.509998 77.580002
PNC 2014 76.059998 91.230003
PNC 2015 91.839996 95.309998
PNR 2013 50.060001 77.669998
PNR 2014 77.349998 66.419998
PNR 2015 66.779999 49.529999
PNW 2013 51.720001 52.919998
PNW 2014 53.0 68.309998
PNW 2015 68.580002 64.480003
PPG 2013 69.169998 94.830002
PPG 2014 94.75 115.574997
PPG 2015 115.574997 98.82
PPL 2013 28.99 30.09
PPL 2014 30.129999 36.330002
PPL 2015 36.48 34.130001
PRGO 2013 105.209999 153.460007
PRGO 2014 152.449997 167.160004
PRGO 2015 165.990005 144.699997
PRU 2013 54.939999 92.220001
PRU 2014 91.5 90.459999
PRU 2015 91.010002 81.410004
PSA 2013 146.580002 150.520004
PSA 2014 150.490005 184.850006
PSA 2015 185.350006 247.699997
PSX 2013 54.25 77.129997
PSX 2014 77.169998 71.699997
PSX 2015 71.610001 81.800003
PVH 2013 113.300003 136.020004
PVH 2014 135.759995 128.169998
PVH 2015 128.889999 73.650002
PWR 2013 27.85 31.559999
PWR 2014 31.370001 28.389999
PWR 2015 28.57 20.25
PX 2013 110.940002 130.029999
PX 2014 129.139999 129.559998
PX 2015 129.639999 102.400002
PXD 2013 109.43 184.070007
PXD 2014 182.949997 148.850006
PXD 2015 147.539993 125.379997
QCOM 2013 63.580002 74.25
QCOM 2014 73.610001 74.330002
QCOM 2015 74.510002 49.990002
QRVO 2015 69.0 50.900002
R 2013 51.0 73.779999
R 2014 73.110001 92.849998
R 2015 93.239998 56.830002
RAI 2013 21.0249995 24.995001
RAI 2014 25.0249995 32.1349985
RAI 2015 32.209999 46.150002
RCL 2013 34.77 47.419998
RCL 2014 47.169998 82.43
RCL 2015 82.93 101.209999
REGN 2013 176.419998 275.23999
REGN 2014 275.769989 410.25
REGN 2015 413.899994 542.869995
RF 2013 7.32 9.89
RF 2014 9.86 10.56
RF 2015 10.65 9.6
RHI 2013 32.240002 41.990002
RHI 2014 41.720001 58.380001
RHI 2015 58.950001 47.139999
RHT 2013 54.169998 56.040001
RHT 2014 55.950001 69.139999
RHT 2015 69.440002 82.809998
RIG 2013 45.5 49.419998
RIG 2014 49.369999 18.33
RIG 2015 18.23 12.38
RL 2013 152.75 176.570007
RL 2014 175.440002 185.160004
RL 2015 185.979996 111.480003
ROK 2013 85.309998 118.160004
ROK 2014 117.620003 111.199997
ROK 2015 111.93 102.610001
ROP 2013 113.360001 138.679993
ROP 2014 138.529999 156.350006
ROP 2015 156.660004 189.789993
ROST 2013 27.135 37.465
ROST 2014 37.174999 47.130001
ROST 2015 47.419998 53.810001
RRC 2013 63.650002 84.309998
RRC 2014 83.129997 53.450001
RRC 2015 53.0 24.610001
RSG 2013 29.610001 33.200001
RSG 2014 33.200001 40.25
RSG 2015 40.27 43.990002
RTN 2013 58.52 90.699997
RTN 2014 90.160004 108.169998
RTN 2015 108.730003 124.529999
SBUX 2013 27.295 39.1949995
SBUX 2014 39.035 41.0250015
SBUX 2015 41.0649985 60.029999
SCG 2013 46.240002 46.93
SCG 2014 47.169998 60.400002
SCG 2015 60.830002 60.490002
SCHW 2013 14.67 26.0
SCHW 2014 25.99 30.190001
SCHW 2015 30.41 32.93
SE 2013 27.799999 35.619999
SE 2014 35.490002 36.299999
SE 2015 36.439999 23.940001
SEE 2013 17.9 34.049999
SEE 2014 34.02 42.43
SEE 2015 42.759998 44.599998
SHW 2013 155.990005 183.5
SHW 2014 182.029999 263.040009
SHW 2015 262.179993 259.600006
SIG 2013 54.580002 78.699997
SIG 2014 78.709999 131.570007
SIG 2015 131.880005 123.690002
SJM 2013 86.480003 103.620003
SJM 2014 103.639999 100.980003
SJM 2015 101.139999 123.339996
SLB 2013 70.800003 90.110001
SLB 2014 89.480003 85.410004
SLB 2015 84.809998 69.75
SLG 2013 78.199997 92.379997
SLG 2014 92.169998 119.019997
SLG 2015 119.75 112.980003
SNA 2013 80.720001 109.519997
SNA 2014 109.279999 136.740005
SNA 2015 136.850006 171.429993
SNI 2013 58.830002 86.410004
SNI 2014 85.68 75.269997
SNI 2015 76.309998 55.209999
SO 2013 43.34 41.110001
SO 2014 41.130001 49.110001
SO 2015 49.189999 46.790001
SPG 2013 150.696131703 143.142039511
SPG 2014 143.358409219 182.110001
SPG 2015 183.149994 194.440002
SPGI 2013 55.630001 78.199997
SPGI 2014 77.440002 88.980003
SPGI 2015 89.779999 98.580002
SPLS 2013 11.58 15.89
SPLS 2014 15.9 18.120001
SPLS 2015 18.09 9.47
SRCL 2013 94.389999 116.169998
SRCL 2014 115.279999 131.080002
SRCL 2015 131.509995 120.599998
SRE 2013 71.980003 89.760002
SRE 2014 89.550003 111.360001
SRE 2015 111.779999 94.010002
STI 2013 29.08 36.810001
STI 2014 36.82 41.900002
STI 2015 42.220001 42.84
STT 2013 48.0 73.389999
STT 2014 73.349998 78.5
STT 2015 79.220001 66.360001
STX 2013 31.59 56.16
STX 2014 55.93 66.5
STX 2015 66.669998 36.66
STZ 2013 35.950001 70.379997
STZ 2014 70.019997 98.169998
STZ 2015 98.169998 142.440002
SWK 2013 75.230003 80.690002
SWK 2014 80.57 96.080002
SWK 2015 96.57 106.730003
SWKS 2013 21.040001 28.559999
SWKS 2014 28.299999 72.709999
SWKS 2015 73.599998 76.830002
SWN 2013 34.07 39.330002
SWN 2014 39.27 27.290001
SWN 2015 27.09 7.11
SYF 2015 29.790001 30.41
SYK 2013 55.540001 75.139999
SYK 2014 75.120003 94.330002
SYK 2015 94.699997 92.940002
SYMC 2013 19.190001 23.58
SYMC 2014 23.440001 25.66
SYMC 2015 25.790001 21.0
SYY 2013 31.98 36.099998
SYY 2014 36.900002 39.689999
SYY 2015 39.869999 41.0
T 2013 34.389999 35.16
T 2014 35.240002 33.59
T 2015 33.59 34.41
TAP 2013 43.419998 56.150002
TAP 2014 55.950001 74.519997
TAP 2015 74.639999 93.919998
TDC 2013 63.130001 45.490002
TDC 2014 45.330002 43.68
TDC 2015 43.970001 26.42
TDG 2013 138.800003 161.020004
TDG 2014 160.600006 196.350006
TDG 2015 196.759995 228.449997
TEL 2013 37.849998 55.110001
TEL 2014 54.889999 63.25
TEL 2015 63.720001 64.610001
TGNA 2013 18.360001 29.58
TGNA 2014 29.549999 31.93
TGNA 2015 32.0 25.52
TGT 2013 58.57 63.27
TGT 2014 63.529999 75.910004
TGT 2015 76.110001 72.610001
TIF 2013 58.110001 92.779999
TIF 2014 92.199997 106.860001
TIF 2015 106.629997 76.290001
TJX 2013 42.900002 63.73
TJX 2014 63.360001 68.580002
TJX 2015 68.650002 70.910004
TMK 2013 34.9333306667 52.0999986667
TMK 2014 52.1199986667 54.169998
TMK 2015 54.509998 57.16
TMO 2013 64.790001 111.349998
TMO 2014 110.690002 125.290001
TMO 2015 126.300003 141.850006
TRIP 2013 42.939999 82.830002
TRIP 2014 82.480003 74.660004
TRIP 2015 75.57 85.25
TROW 2013 66.32 83.769997
TROW 2014 83.580002 85.860001
TROW 2015 86.599998 71.489998
TRV 2013 73.089996 90.540001
TRV 2014 90.510002 105.849998
TRV 2015 106.290001 112.860001
TSCO 2013 45.41 77.580002
TSCO 2014 77.599998 78.82
TSCO 2015 78.800003 85.5
TSN 2013 19.709999 33.459999
TSN 2014 33.52 40.09
TSN 2015 40.09 53.330002
TSO 2013 44.970001 58.5
TSO 2014 58.200001 74.349998
TSO 2015 74.610001 105.370003
TSS 2013 21.719999 33.279999
TSS 2014 33.23 33.959999
TSS 2015 34.240002 49.799999
TWX 2013 46.7018197507 66.845641419
TWX 2014 66.6059482262 85.419998
TWX 2015 85.980003 64.669998
TXN 2013 31.549999 43.91
TXN 2014 43.439999 53.470001
TXN 2015 53.560001 54.810001
TXT 2013 25.33 36.759998
TXT 2014 36.75 42.110001
TXT 2015 42.349998 42.009998
UAA 2013 49.700001 87.300003
UAA 2014 87.300003 67.900002
UAA 2015 68.419998 80.610001
UAL 2013 23.83 37.830002
UAL 2014 37.700001 66.889999
UAL 2015 67.739998 57.299999
UDR 2013 24.129999 23.35
UDR 2014 23.309999 30.82
UDR 2015 31.0 37.57
UHS 2013 49.41 81.260002
UHS 2014 80.839996 111.260002
UHS 2015 112.050003 119.489998
ULTA 2013 100.260002 96.519997
ULTA 2014 96.209999 127.839996
ULTA 2015 128.130005 185.0
UNH 2013 54.880001 75.300003
UNH 2014 74.910004 101.089996
UNH 2015 101.5 117.639999
UNM 2013 21.219999 35.080002
UNM 2014 34.93 34.880001
UNM 2015 35.130001 33.290001
UNP 2013 64.1200025 84.0
UNP 2014 84.199997 119.129997
UNP 2015 119.93 78.199997
UPS 2013 75.089996 105.080002
UPS 2014 104.629997 111.169998
UPS 2015 111.269997 96.230003
URBN 2013 40.240002 37.099998
URBN 2014 38.400002 35.130001
URBN 2015 35.259998 22.75
URI 2013 47.0 77.949997
URI 2014 77.269997 102.010002
URI 2015 103.110001 72.540001
USB 2013 32.459999 40.400002
USB 2014 39.869999 44.950001
USB 2015 45.43 42.669998
UTX 2013 83.43 113.800003
UTX 2014 112.900002 115.0
UTX 2015 115.139999 96.07
V 2013 38.540001 55.66999825
V 2014 55.38499825 65.550003
V 2015 65.84500125 77.550003
VAR 2013 71.260002 77.690002
VAR 2014 77.610001 86.510002
VAR 2015 87.0 80.800003
VFC 2013 38.25749975 62.34
VFC 2014 63.02 74.900002
VFC 2015 75.190002 62.25
VIAB 2013 53.860001 87.339996
VIAB 2014 87.449997 75.25
VIAB 2015 75.830002 41.16
VLO 2013 31.9744085923 50.400002
VLO 2014 50.139999 49.5
VLO 2015 49.549999 70.709999
VMC 2013 53.299999 59.419998
VMC 2014 59.34 65.730003
VMC 2015 66.389999 94.970001
VNO 2013 73.6503586956 80.4257255435
VNO 2014 80.7608695652 106.621381341
VNO 2015 107.210148551 99.959999
VRSK 2013 51.66 65.720001
VRSK 2014 65.269997 64.050003
VRSK 2015 64.080002 76.879997
VRSN 2013 39.349998 59.779999
VRSN 2014 59.740002 57.0
VRSN 2015 57.23 87.360001
VRTX 2013 42.869999 74.300003
VRTX 2014 74.07 118.800003
VRTX 2015 119.970001 125.830002
VTR 2013 65.559998 57.279999
VTR 2014 56.950001 71.699997
VTR 2015 71.889999 56.43
VZ 2013 44.490002 49.139999
VZ 2014 49.080002 46.779999
VZ 2015 47.0 46.220001
WAT 2013 88.959999 100.0
WAT 2014 100.0 112.720001
WAT 2015 113.57 134.580002
WBA 2013 37.860001 57.439999
WBA 2014 57.200001 76.199997
WBA 2015 76.110001 85.160004
WDC 2013 43.529999 83.900002
WDC 2014 83.790001 110.699997
WDC 2015 111.800003 60.049999
WEC 2013 37.32 41.34
WEC 2014 41.419998 52.740002
WEC 2015 52.970001 51.310001
WFC 2013 35.029999 45.400002
WFC 2014 45.150002 54.82
WFC 2015 55.110001 54.360001
WFM 2013 46.5699995 57.830002
WFM 2014 57.66 50.419998
WFM 2015 50.52 33.5
WHR 2013 103.739998 156.860001
WHR 2014 156.520004 193.740005
WHR 2015 194.169998 146.869995
WM 2013 34.130001 44.869999
WM 2014 44.790001 51.32
WM 2015 51.25 53.369999
WMB 2013 33.41 38.57
WMB 2014 38.389999 44.939999
WMB 2015 44.830002 25.700001
WMT 2013 68.93 78.690002
WMT 2014 78.720001 85.879997
WMT 2015 86.269997 61.299999
WU 2013 13.86 17.25
WU 2014 17.219999 17.91
WU 2015 18.040001 17.91
WY 2013 28.5 31.57
WY 2014 31.379999 35.889999
WY 2015 35.869999 29.98
WYN 2013 54.27 73.690002
WYN 2014 73.389999 85.760002
WYN 2015 86.260002 72.650002
WYNN 2013 116.370003 194.210007
WYNN 2014 194.139999 148.759995
WYNN 2015 148.589996 69.190002
XEC 2013 59.220001 104.910004
XEC 2014 102.779999 106.0
XEC 2015 105.099998 89.379997
XEL 2013 27.030001 27.940001
XEL 2014 27.91 35.919998
XEL 2015 36.02 35.91
XL 2013 25.52 31.84
XL 2014 31.709999 34.369999
XL 2015 34.5 39.18
XLNX 2013 36.400002 45.919998
XLNX 2014 46.68 43.290001
XLNX 2015 43.509998 46.970001
XOM 2013 87.790001 101.199997
XOM 2014 100.599998 92.449997
XOM 2015 92.25 77.949997
XRAY 2013 40.220001 48.48
XRAY 2014 47.939999 53.27
XRAY 2015 52.130001 60.849998
XRX 2013 6.99 12.17
XRX 2014 12.09 13.86
XRX 2015 13.88 10.63
XYL 2013 27.629999 34.599998
XYL 2014 34.389999 38.07
XYL 2015 38.400002 36.5
YHOO 2013 20.200001 40.439999
YHOO 2014 40.369999 50.509998
YHOO 2015 50.66 33.259998
YUM 2013 48.5262422717 54.3565801581
YUM 2014 54.191232207 52.3723961179
YUM 2015 52.7965521208 52.5161754133
ZBH 2013 67.599998 93.190002
ZBH 2014 92.629997 113.419998
ZBH 2015 114.209999 102.589996
ZION 2013 21.879999 29.959999
ZION 2014 29.9 28.51
ZION 2015 28.67 27.299999
ZTS 2014 32.529999 43.029999
ZTS 2015 43.459999 47.919998
